balance:237.22000000000003
deposits:78.9,56.89,100.99,300.0,200.0,250.99
withdrawals:200.55,500.0,50.0
balances:78.9,135.79000000000002,236.78000000000003,536.78,736.78,987.77,787.22,287.22,237.22000000000003
